iteration,agent,tools,accuracy
1,React agent,Aritmetic tool,0.0
1,React agent,Aritmetic tool,0.0
1,React agent,Aritmetic tool,0.0
